<a href="javascript:void(0);" onclick="montarTelaDigitacaoGuia('6137591', '343828', '4');">Detalhe</a>
<a href="javascript:void(0);" onclick="montarTelaDigitacaoGuia('6137590', '343828', '4');">Detalhe</a>
<a href="javascript:void(0);" onclick="montarTelaDigitacaoGuia('6137589', '343828', '4');">Detalhe</a>
<a href="javascript:void(0);" onclick="montarTelaDigitacaoGuia('6137588', '343828', '4');">Detalhe</a>
<a href="javascript:void(0);" onclick="montarTelaDigitacaoGuia('6137587', '343828', '4');">Detalhe</a>
6137585
6137583
6137582
6137581
6137580
6137579
6137578
6137577
6137576
6137575
6137574
6137573
6137572
6137571
6137570
6137569
6137568
6137567
6137566
6137565
6137564
6137563
6137632
6137631
6137630
6137629
6137628
6137627
6137626
6137625
6137624
6137623
6137622
6137621
6137620
6137619
6137618
6137617
6137615
6137614
6137613
6137612
6137611
6137610
6137609
6137608
6137607
6137606
6137605
6137604
6137603
6137602
6137601
6137600
6137599
6137642
6137641
6137640
6137639
6137638
6137637
6137636
6137635
6137634
6171332
6171320
6171309
6171299
6171289
6171283
6171282
6171272
6171271
6241005
6241004
6240998
6240997
6241119
6241118
6241117
6241116
6241115
6241114
6241113
6241112
6241111
6241209
6241208
6241206
6241205
6241204
6241203
6241202
6241201
6241200
6241199
6241196
6241195
6241194
6241192
6241191
6241190
6241189
6241188
6241186
6241185
6241184
6241183
6241182
6241181
6241180
6241179
6241178
6241177
6241176
6241175
6241174
6241173
6241172
6241171
6241170
6241169
6241168
6241167
6241166
6241165
6241164
6241163
6241162
6241161
6241160
6241149
6241146
6241143
6241142
6241141
6241140
6241139
6241138
6241137
6241136
6241135
6241134
6241133
6241132
6241131
6241130
6241129
6241127
6241126
6241125
6241122
